alpha=6.250000
beta=0.100000
ntopics=8
ndocs=32312
nwords=4039
liter=1000
